000000000000000000000000000000000000000000100000000000000000000000000000000000000000000000000000000000000000000000000000000000000000000000000000000000000000000000000000000000000000000000000000000000000000000000000000000000000000000000
000100000100000100000101000000010101010100000101010101100101010000100110010101010101000001010101010000000001010100011001010110010101010001000000010101010001000000011000000001011001010100011001010000000101010001000101000000010001010101
000100010100000100000000000000010101000000000001010000000101010000000010010001000100000100010000000000000100000000010001010000010100010101000100010100010001000000001000000001011001000001000000010000000100000001000000000100000000000000
000000000000000000000000000000000000000000000000000000000000000000000000010000000001000000000000000000000000000000000000000100000000000000000000000000000000000000000000000000000000000000000000000000000100000000000000000000000000000000
000000000000000001000000000000000000010000000001000000000100000000000000000000010000000000000100000000000000000000001000000000000000000000000000000000000000010000000000000000000000000000000001000000000000000000000001000000010101000000
010100000000000100000100000000000000010101100100010101100101010100100110010100010101000000010100010000000001010101010001010110000100000001010000010101010001010000010000011001000000000101010001010000010101000101000101000000010100000100
000100000100000100000100000000010101000000000001010001100101000000000010010100010000000100010000000000000101000100010001010010000000010100000000000001000001000000011000000000001001000100010000010000000100000000010000000000000001000101
000000010100000000000001000000010101010000000001010000000101000000000010010101000000000000000000000000000001000000010001000100000101010101000100000101010100000000011000000000011001000101010001010000000101010000000000010000000001000001
000000000000000000000000000000000000000000000000000000000000000000000000000000000000000000000000000010000000000000000000000000000000000000000000000000000000000000000000000000000000000000000000000000000000000000000000000000000000000000
000000000000000000000000000000000000000000100001010000000100000100000000000000000000000000000000000100000000000000001000000000000000000000000000000000000000000000000000000000001001000000000000000000000000010000000000000000000000000000
000000000000000000000000000000000000000000000000000000100000000000000000000000000000000000000000000000000000000000000000100000000000000000000000000000000000000000000000000000000000000000000000000000000000000000000000000000000000000000
000100000000000100000100010000000100000100000001010101100100010000100000000101000100000000010000010000000000000100010001000000000000000000000000010100000001000100011000000001001001000001010000000000000000010101010000000000000001010001
000101000100000100010101010001010101000110010101010101100101010110011010010101000101010100010100011001100101000101000001010000010101010101010110010101010101010110011001011001010110010101011001010101010101100101010000010101100101010101
010101000100010100000001000100000101010101100101010101100101010110100110010100000101010101010100010001100101010101011001010110010101000101010100010101100101010101011001011001010110100001010101010101000101100101100101010101010101010110
010100000100000100000101000100000101010100000101010101100101010000100110000100010001000100010001001000100101010101011001000100010101000101000000010101000001000000011000000001010000000000010000000000010101000101000101000000010001010100
000101000100000100010101010001010101000110010101010101100101010110011010010101000101010100010100011001100101010101000001010000010101010101010110010101010101010110011001011001010110010101011001010101010101100101010000010101100101010101
000100010100000000000100000000000100000000000001010001000101010000000110010100000100000100010100011000000100010000000001010100000101010100010110000101000001010100001001010000010000000101010001010000010100000101000000010001000100000100
000000000000000001000001000000010000000000000001000001000100000000000000000000000000000100000000000000000000000100010001010000010000000000000000000000000000010000010000000000010000000000000000000000010101000000000100000000000100000000
000000000000000000000000000000000000000000010000000000100000000000000000000100000000000000000000000000000000000000000000100000000000000000000000000000000000000000000000000000000000000000000000000000000000000000000000000000000000000000
010100010100010100000000000001010001000001100001010001000101010110000000000100010100000100000000010000000000000001011001010110010101000001010000010001000001010000010001011001010000000101010001010000010100000101000000000000000100010100
010100000000000000000101000000000001010110010000000101010100000110000001100001000101000001000001010000000001010100000001010000010101010001010000010100000100010000000000001001011001000001010001000000010100000101000100000000010001000101
000000000000000000000000000000000000000000000000100000000000000000000000000000000000000000000000000000000000000000000000000000000000000000000000000000000000000000000000000000000000000000000000000000000000000000000000000000000000000000
000000000000000000000000000000000000000000000000100000010000000000000000000000000000000000000000000000000001010000000000000000000000000100000000000000000000000000000000000000000000000000000000000000000000000000000000000000000000000000
000101000100000100000000000000010101000100000000000000010000000100000001100000010001010000000000010000000001000101000001010000000100010100010000010101000101010000000000010001001000000001010001000000000101000001010100000000010000000000
000000000000000000000100000000000000000000000000000000000000000010000100000000000000000000000000000000000000000000000000000000000000000000000000000000000000000000000000010000000000000100000100000000000000000000000001100000000000000100
000000000000000000000000000000000000000000000000000000010000000000000101000000000000000000000000000000000000000000000000000000000000000000000000000000000000000000000000000000000000000000000000000000000000000001000000000000000000000000
000000000000000000000000000000000000000000000000000000000000000000000000001000000000000000000000000000000000000000000000000000000000000000000000000000000000000000000000000000000000000000000000000000000000000000000000000000000000000000
000000000000000000000000000000000000000000000000000000010000000000000000000000000000000000000000000000000000000000100100000000000000000000000001000000000000000000000000000000000000000000000100000000000000000000000000000000000000000000
010101010110000100000101010001010101000110010100010101010101010110000001100101000101000100010101011001011001010101011001010010010101010101010010010001010100010100011001011001011001010100011001010000010101010101010100000110010101000101
010100000100000100000101000000000100000010010100000100010101010000000000000001000001010100010000000000000000010101000001010000000000010100010000000100010100010000011001011001000001000100000001000000010101000001000101000000000101000101
010100000000000000000101000000000100000000000100000101010000000100000100000001000000000000000000000000000001000100000000000000000001000100010000000001010000000000001000000000000000000000010000000100000100000100000000000000000001000001
010100010100000100000001010001000101000000000101000101000101010110100110010001000001010100000101010000001001010100000001000000010001010100010000010001010100010000011001001001010000010100010001000101010001010101010100000001000100010001
000000000000000000000000000100000001000000000000000100000000000000100001000000000100000000000000000000000000000000000000000000000000000000000000000000000000000000000000000000000000000000000000000000000000000000000000000000000000000000
010000000000000100000001000000000100010110010000000100010000000100000000100001000100000100010100000000000000000100011001000000000001010001010000010100000001010000000000000001001000000001000001000000000000000000010100000100010000000100
000000000000000000000000000000000001000000000000000000010000000000100000100000000100000000000000000000000001000000000000010000000000000000000000000000010000000000000000000000010000000000000000000000000000000001000000000000000000000000
010100000100000100000001000000010001000000000101100100010000000000100100000000000001000000000100000000000001000100000001000000000001000100000100010000010000010000000000001000000000000000000000000001000101000100000100000000000000000001
010000000100000000000000010000010101000000000000100100010001000110000110000100000000010100010100010000011001010100000001000000000000010001010000010001000100010000011001001000001001000100000001100101010100010001000000000000000100000000
010100010100000100000101010000010101000100000100000101010001010110100101000101010101000100010101011001010001000101000001010100010101010100010100010001010100010000011001011001011001010100010001000000010101010101010100000000000101000001
000100000000000100000100000000000001000000010001000000000000000000100000000000000000000000000100000000000000000000000000010000000000000000000000000000000100000000000001011001000000000000000100000101000100000001000000000000000001000000
010100010100000100000100010000010101000100000001000100010000000000100100000001000000010000000101010000000001000100000001010000000000010100010000010101010100010000011001010001011001000100000001000000010001000101010100000000000001000001
