000100000000010001010001000000000000000000000000000100000000000000000000010000010100000000000101000100000001010000000000010000010000010000010000010100000000000101000000000001000100
010000010000000000010000000000000100000000000100000001000001000000000001000000010101000000000000000101000100000000000101010100010000000001000100000001000000000000000100010000000001
000101000100000000010101000001000001000100000000010000000000000100000100000000010101010000000000010100000000010000010000000100000000000000000000000000010000000000000000000101000000
000000010100000100010000000001000000000000000000000000000000000000010000000100010001010100000000000100000000000000000100000100010001010001000001000000000000000000010100000101000000
000000000000000000000101000000000000010000010100000000000100000101000000000001010001000000010000010000000100000001000000000101000000010000000000000000010100000000000101000000000000
010100000000000000000100000001000001000000000000010000010100000000010000010000010101000000000000010001000000000100000000010000000001000000010000010001000100010001000000010000010000
000000000000010000000001000100000100000000000001000000000000010000010001000101000000000001000000000000010101010101000000000100000001000000000000000001000100000000000000010000000000
000001000000000000000000010000000000000000000001000000000000010000000001010001010100000000000000010001000000000001010000000001000001000000000000000100000000010000000000000001010001
010000000000000000000101010000000000000101010101000001000100000001010000010000000100000000000000010000010000000101000000000000000000000000000100000100010000010000000001000000000000
010000000000000100000000000101010000000101000000000000000101000000000000000101000100010000000000010101000000000000000000000000000000000000000001010100000000000000000001000101000001
000001010000010000010101000000000000010000000000000001000000010000000000010000000101010100000000000001010000000001000000000100000000000100000000000001000000000100000000000000000100
000100000101000000000000000101000001000000000000000101000000010000000000000001000001000000000000000000000100000000000001010000010001000000010000010001010000010001000000010100010000
000000000001000000000000000001000000010101000001000000000000000000000100000101010100000100000000010000000001000100010000000001000100000000010001000000000001000100000100000000000000
010000000000000100000000000000000000010000000000010000000001000100000000010000010100000100000101000001000101000000000000000000010000000001010001010000000000000100000001000000000001
000000000001000000000000000100010001000100000000000100000101000000000000000100000101000001000000000101000000000000000101000000010000000001010000000100000000000101000000010000000001
000000010000000101010000000000000000000000010000000001010001000000000001000001010000000000010001000100000100000000010100000001000000000001000001000100010001000100000000000001000000
000100000000010000000001010000000000000000000000010000000001010000000001010000010100000001010000000000010100000000000100000000000000010000010001000100000000010100000001010000000000
010000000001000000000000000001000001000001000000000100010001000000000100010100000000000100000000010100000100000000000000000001010001000001000000010000010000000000000001010000010100
000100000000000000000000010000000001000000010000000010000100010000000000000000010000010000000000000000000000000000000000000000000000000100000100000000000000000000000000000000000000
000100000000000000010000000000000000000000000000000000000000000100000000000000000100000100000000000000000000000001000000000000000000000000000000000000000100000010000001000100000000
000000000000000001000000000000000000000000000000000000000000000000000000000000001000000000000000000000000000000000000000000000000000000000010000000000000000000000000000000101000000
000000000000000000000100000000000000000000000000000000000000000000000000010000001000000001000000000000000000000000000001000000000100000000000000000000010000000000000000000000000000
000000000000000000000000000000000000000000000000000000000000000000001000000000000000000000000000000000000000000000000000000000100000000000000000000000000000000000000000000000000000
000000000000000000000000000000000000000000000000000000000000000000010000000100000001000000000000000010000000000000000000000000000000000000000000000000000001011000000000000000000000
000000000000000000000100000000000000000000000000000000000000000001000000000000001000000000000000000000000000000000010000000000000000000000000000000001000000000000000000000000000000
000000000000000000000000000000000000000000000001000000000000000000000000010000001000000000000100000000000000000000000001000000000000000000010000000000010000000000000000000001000000
000000000000000000000000000000000000000000000000000000000000000000000000000000000000000000000000100000000000000000000000000000000000000000000000000000000000000000001000000000000000
000000000000000000000000000000000000000000000000001000000000000000000000000000000000000100000100000000000000000100000000000000000001000000000000000000000000000000000010000000000000
000000000000000000000000000000000000000000000000000000000000000000000000000000000000000000000000000000000000000000000000000000000000001000000000000000000000000000000000100000000000
000000000000000000000000000000000000000000000000000000000000000000000000000000101000000000000000000000000000000000000000000000000000000000000000000000000000000000000000000000000000
000100000000000000000000000000000000000000000000000000000000000000000000000000001000010000000000000000000000000000000000000000000000000000000000000000000000000000000000000000000000
010000000000000000000100000000000000000000000000000000000000000001000000000000001000000000000000000000000000000000000000000000000000000000000000000000000000000000000000000000000000
000000000000000000000100000000000000000000000100000000000000000000000000000000001000000000000000000000000000000000000000000000000000000000010000000000000000000000000000000000000000
000000000000000000000000000000000000000000000000000000000000000000000000000000100000000000000000000000000000000000000000000000000000000000000000000000000000000000000000000000000000
010000000000000000000000000000000000000000000000000000000000010000000000000000001000000000000000000000000000000000000000000000000000000000000000000000000000000000000000000000000000
000000010000000000000000000000010000000000000000000000000000000000000000000000100000000100010100000000000000000000010001000001000100000000000000000000000000000000000000000000000000
000010000000000000000000000000000000000000000000000000000000000000010000000000000000000000000000001000000000000000000000000000000000000000000000000100000000000000000000000000000000
000000000000000000000000000000000000000000000000000000000000000000000000000000000000000000000000000000100000000000000000000000000000000000000000001000000000000000000000000000000000
000000000000000000000000000000000010000000000000000000000000000000000000000000000000000000000000000000000000000000000000000000000000100000000000000000000000000000000000000000000000
000000000000000000000000000000000000000000000000000000000000000000000000000000100000000000000000001000000000000000000000000000000000000000000000000000000000000000000000000000000000
