00000000000000000000000000000000000000000000000000000000000000000000000000000100000000010000000000000000010000000000010110000001000000010000010000000001000000000001000000000100000000000000000000000100000000
00000100010100010000000000000000000000000101010100000101000000000101010000010000000000000100000100000100000000000001010001000000000101010000000101000000000100010000000000000101000100010000010000000101010101
00000000000100010001000000000101010101000001010101000100000101000001010001000100000000010100010001000000000001000101010000000100010000010001000001000000000100000000010101000101010000000000000000010101010100
00000000000101010100010000010000000100010001010101000000000001010100000000000001000000000000000000010101000000000000000000000000000001000101010100010000000001000000000101000000000000000000000100000001010101
00000000010001010000000000000000000100000001010100000000000000000001010101000000000001000100000000010000000000010101010000000000010000010100010000000001000101000001000000010100000000000100010101000001000001
00000000000000000100010000000001000000000100000101000001000100000100000100000101000001000101010001000000010001000101000000000000000101010000000001010000000101000001010001000000000000000100000100000001010101
00000000010000010001000100000000000101010000000101010001000000010001000000000000000000000101000001000000000000010101000000000001000001010101000100000001000101000001010000010000000000000000010101010000000000
00000000000101010101000000000001000000010100000001010000010000000000010000000001010000000001000001000000000000000001000000000000000000010100010001000000000000010001000001000100000000000000000000010100010100
00000000000101010001000101000000010100000000000101000000010100000000000001000000000100000100000100010000000000010001010000000000000100000000000101010100000100010100010000000100010000000001000001000101010001
00000000010101010101010001000000000001000101010101010000000001000000010100010001010000000000000101000100010000000001010001000000000000010000010001000001010001010100000001000000000000000100000001010101010101
00000100010101000001010100010100000100000001000000000001000100010000000001000100000001010001010001000000000001000001000001000000010000000001010000010101010001000000000100010100000100000100010101000001000001
00000101000101010001010001000100000000000100000000000101000100010101000001000000000100000000010100010000010000000000000001010100000101000100010001100100010001010000010000000001000100000100000100000000000001
00000000000000000001000000000101010000010100000110010001000001000001000001000000000001000101000000010000010001000000000101000001000001010000000101000000000001000000000000000000000001010000010000000000000000
00010100000101000001010101010100010100010000000000000100000101010000000001000000100101010001010100010110010101010101000101000101000000000001000001000000010000000100010100010000010101000100000000000000000101
00000000000100100000000001000000000000000001000000000000000100000001000000000000000000000000000000000000010000000000000100000000000001000100000000010100010000000100000000000000000000000100000000000000000001
00000100000101000001010101010100010101010100010110000101000000000001000001000100000001000000000000000000010101010101000100010001000001010001000100000101000000000000000000000100000100000100000001000000000000
00000001000100000000000000000100000000010000100001000000000000000000000000000000000000000000010000000000010001000000010000000000000000000000000000000100010000000000000000000000000000010000000000000000000000
00000001000000000000010101000001000000010100000110000000010000010100000000000000000000000000000000000000000000010000000100000000010100010001000100000000000000000001000101000100000100000100010101000000010000
01000000000001000000000100000000000001000100001000000000000100000000000001000000000001000000000000010000000000000000000100000001000001000000000000000000000100000000000000010000000000000000000000000000000000
00000000000001010100000000000001010000000000001000010000000001000000000000010000000000000100000000000000000100000000000100000100000000000000000100000000000001000000000000000000000000000000000000000000010000
